"","Point.Forecast","Lo.80","Hi.80","Lo.95","Hi.95"
"2019.019",52.7210138520483,34.7195254567078,70.7225022473888,25.1314143106778,80.3106133934188
"2019.038",52.9281790304691,34.9251172389047,70.9312408220335,25.3361680567335,80.5201900042046
"2019.058",53.1353442088898,35.1306971951802,71.1399912225995,25.5409036780415,80.7297847397382
"2019.077",53.3425093873106,35.3362653286576,71.3487534459636,25.7456211793886,80.9393975952326
"2019.096",53.5496745657314,35.5418216424825,71.5575274889803,25.9503205655959,81.1490285658668
"2019.115",53.7568397441522,35.7473661398226,71.7663133484817,26.1550018415183,81.358677646786
"2019.135",53.9640049225729,35.9528988238677,71.9751110212781,26.3596650120446,81.5683448331013
"2019.154",54.1711701009937,36.1584196978298,72.1839205041576,26.5643100820974,81.77803011989
"2019.173",54.3783352794145,36.3639287649427,72.3927417938862,26.7689370566333,81.9877335021957
"2019.192",54.5855004578352,36.5694260284625,72.6015748872079,26.9735459406424,82.1974549750281
"2019.212",54.792665636256,36.7749114916673,72.8104197808448,27.1781367391488,82.4071945333632
"2019.231",54.9998308146768,36.9803851578569,73.0192764714967,27.3827094572101,82.6169521721435
"2019.250",55.2069959930976,37.1858470303533,73.2281449558419,27.5872640999174,82.8267278862777
"2019.269",55.4141611715183,37.3912971125002,73.4370252305365,27.7918006723957,83.036521670641
"2019.288",55.6213263499391,37.5967354076633,73.6459172922149,27.9963191798031,83.2463335200751
"2019.308",55.8284915283599,37.8021619192302,73.8548211374896,28.2008196273315,83.4561634293882
"2019.327",56.0356567067806,38.0075766506101,74.0637367629512,28.4053020202062,83.6660113933551
"2019.346",56.2428218852014,38.2129796052341,74.2726641651687,28.6097663636856,83.8758774067173
"2019.365",56.4499870636222,38.418370786555,74.4816033406893,28.8142126630616,84.0857614641828
"2019.385",56.657152242043,38.6237501980474,74.6905542860385,29.0186409236594,84.2956635604265
"2019.404",56.8643174204637,38.8291178432074,74.89951699772,29.2230511508374,84.50558369009
"2019.423",57.0714825988845,39.0344737255529,75.1084914722161,29.4274433499871,84.7155218477819
"2019.442",57.2786477773053,39.2398178486233,75.3174777059873,29.6318175265331,84.9254780280774
"2019.462",57.485812955726,39.4451502159796,75.5264756954725,29.8361736859331,85.135452225519
"2019.481",57.6929781341468,39.6504708312043,75.7354854370894,30.0405118336779,85.3454444346158
"2019.500",57.9001433125676,39.8557796979015,75.9445069272337,30.244831975291,85.5554546498442
"2019.519",58.1073084909884,40.0610768196967,76.1535401622801,30.4491341163291,85.7654828656477
"2019.538",58.3144736694091,40.2663622002368,76.3625851385815,30.6534182623815,85.9755290764368
"2019.558",58.5216388478299,40.4716358431902,76.5716418524696,30.8576844190705,86.1855932765893
"2019.577",58.7288040262507,40.6768977522466,76.7807103002547,31.061932592051,86.3956754604504
"2019.596",58.9359692046715,40.882147931117,76.9897904782259,31.2661627870106,86.6057756223323
"2019.615",59.1431343830922,41.0873863835338,77.1988823826507,31.4703750096696,86.8158937565148
"2019.635",59.350299561513,41.2926131132505,77.4079860097755,31.6745692657809,87.0260298572451
"2019.654",59.5574647399338,41.4978281240418,77.6171013558257,31.8787455611298,87.2361839187378
"2019.673",59.7646299183545,41.7030314197039,77.8262284170051,32.0829039015342,87.4463559351749
"2019.692",59.9717950967753,41.9082230040539,78.0353671894968,32.2870442928442,87.6565459007064
"2019.712",60.1789602751961,42.1134028809299,78.2445176694623,32.4911667409426,87.8667538094495
"2019.731",60.3861254536169,42.3185710541914,78.4536798530423,32.6952712517443,88.0769796554894
"2019.750",60.5932906320376,42.5237275277186,78.6628537363566,32.8993578311964,88.2872234328789
"2019.769",60.8004558104584,42.728872305413,78.8720393155038,33.1034264852782,88.4974851356386
"2019.788",61.0076209888792,42.9340053911969,79.0812365865614,33.3074772200012,88.7077647577571
"2019.808",61.2147861672999,43.1391267890136,79.2904455455863,33.5115100414091,88.9180622931908
"2019.827",61.4219513457207,43.3442365028272,79.4996661886143,33.7155249555774,89.128377735864
"2019.846",61.6291165241415,43.5493345366227,79.7088985116603,33.9195219686136,89.3387110796694
"2019.865",61.8362817025623,43.754420894406,79.9181425107185,34.1235010866572,89.5490623184673
"2019.885",62.043446880983,43.9594955802036,80.1273981817624,34.3274623158795,89.7594314460866
"2019.904",62.2506120594038,44.164558598063,80.3366655207446,34.5314056624835,89.9698184563241
"2019.923",62.4577772378246,44.3696099520522,80.545944523597,34.7353311327042,90.180223342945
"2019.942",62.6649424162453,44.5746496462598,80.7552351862309,34.9392387328079,90.3906460996828
"2019.962",62.8721075946661,44.7796776847953,80.9645375045369,35.1431284690928,90.6010867202395
"2019.981",63.0792727730869,44.9846940717886,81.1738514743852,35.3470003478885,90.8115451982853
"2020.000",63.2864379515077,45.1896988113901,81.3831770916252,35.5508543755562,91.0220215274591
